x:
  min: -1200.432417582418
  max: 2.225073858507201e-308
y:
  min: -195.5325721153846
  max: 598.6085336538462
z:
  min: -641.8335336538461
  max: 222.4157451923077